0.0 111.0 174.0 203.0 50.0 79.0 109.0 39.0 125.0 204.0 84.0 81.0 221.0 232.0 112.0 211.0 167.0 177.0 276.0 245.0 224.0 265.0 279.0 297.0 200.0 182.0 245.0 266.0 187.0 101.0 158.0 107.0 193.0 242.0 62.0 92.0 102.0 225.0 196.0 233.0 268.0 183.0 201.0 177.0 202.0 90.0 238.0 238.0 127.0 152.0 158.0 195.0 186.0 208.0 237.0 90.0 151.0 223.0 181.0 166.0 122.0 117.0 104.0 132.0 157.0 207.0 184.0
111.0 0.0 77.0 106.0 79.0 108.0 96.0 72.0 86.0 93.0 45.0 110.0 120.0 151.0 141.0 130.0 56.0 66.0 165.0 134.0 113.0 154.0 168.0 186.0 89.0 71.0 134.0 155.0 133.0 130.0 104.0 34.0 82.0 131.0 49.0 64.0 39.0 114.0 85.0 122.0 157.0 72.0 90.0 118.0 91.0 51.0 127.0 127.0 156.0 41.0 47.0 84.0 89.0 97.0 126.0 119.0 54.0 126.0 84.0 69.0 25.0 20.0 7.0 21.0 46.0 96.0 73.0
174.0 77.0 0.0 29.0 142.0 171.0 159.0 135.0 149.0 170.0 108.0 173.0 197.0 228.0 204.0 207.0 133.0 143.0 161.0 204.0 190.0 231.0 245.0 263.0 166.0 148.0 211.0 232.0 210.0 193.0 181.0 97.0 159.0 208.0 112.0 127.0 102.0 191.0 162.0 199.0 234.0 149.0 167.0 195.0 168.0 114.0 135.0 123.0 219.0 118.0 124.0 161.0 12.0 93.0 122.0 182.0 44.0 49.0 7.0 8.0 52.0 57.0 70.0 98.0 96.0 46.0 69.0
203.0 106.0 29.0 0.0 171.0 200.0 188.0 164.0 178.0 199.0 137.0 202.0 226.0 257.0 233.0 236.0 162.0 172.0 190.0 233.0 219.0 260.0 274.0 292.0 195.0 177.0 240.0 261.0 239.0 222.0 210.0 126.0 188.0 237.0 141.0 156.0 131.0 220.0 191.0 228.0 263.0 178.0 196.0 224.0 197.0 143.0 164.0 152.0 248.0 147.0 153.0 190.0 41.0 122.0 151.0 211.0 73.0 78.0 36.0 37.0 81.0 86.0 99.0 127.0 125.0 75.0 98.0
50.0 79.0 142.0 171.0 0.0 29.0 81.0 11.0 75.0 161.0 34.0 31.0 171.0 182.0 62.0 161.0 135.0 145.0 244.0 213.0 192.0 233.0 247.0 265.0 168.0 150.0 202.0 223.0 137.0 51.0 108.0 57.0 150.0 210.0 34.0 64.0 52.0 193.0 164.0 201.0 236.0 140.0 169.0 127.0 154.0 40.0 206.0 206.0 77.0 120.0 126.0 163.0 154.0 176.0 205.0 40.0 119.0 191.0 149.0 134.0 90.0 85.0 72.0 100.0 125.0 175.0 152.0
79.0 108.0 171.0 200.0 29.0 0.0 110.0 40.0 104.0 190.0 63.0 60.0 200.0 211.0 91.0 190.0 164.0 174.0 273.0 242.0 221.0 262.0 276.0 294.0 197.0 179.0 231.0 252.0 166.0 80.0 137.0 86.0 179.0 239.0 63.0 93.0 81.0 222.0 193.0 230.0 265.0 169.0 198.0 156.0 183.0 69.0 235.0 235.0 48.0 149.0 155.0 192.0 183.0 205.0 234.0 69.0 148.0 220.0 178.0 163.0 119.0 114.0 101.0 129.0 154.0 204.0 181.0
109.0 96.0 159.0 188.0 81.0 110.0 0.0 70.0 149.0 189.0 115.0 112.0 216.0 247.0 143.0 226.0 152.0 162.0 261.0 230.0 209.0 250.0 264.0 282.0 185.0 167.0 230.0 251.0 218.0 132.0 189.0 107.0 178.0 227.0 47.0 77.0 102.0 210.0 181.0 218.0 253.0 168.0 186.0 208.0 187.0 114.0 223.0 223.0 158.0 137.0 143.0 180.0 171.0 193.0 222.0 121.0 136.0 208.0 166.0 151.0 107.0 102.0 89.0 117.0 142.0 192.0 169.0
39.0 72.0 135.0 164.0 11.0 40.0 70.0 0.0 86.0 165.0 45.0 42.0 182.0 193.0 73.0 172.0 128.0 138.0 237.0 206.0 185.0 226.0 240.0 258.0 161.0 143.0 206.0 227.0 148.0 62.0 119.0 68.0 154.0 203.0 23.0 53.0 63.0 186.0 157.0 194.0 229.0 144.0 162.0 138.0 163.0 51.0 199.0 199.0 88.0 113.0 119.0 156.0 147.0 169.0 198.0 51.0 112.0 184.0 142.0 127.0 83.0 78.0 65.0 93.0 118.0 168.0 145.0
125.0 86.0 149.0 178.0 75.0 104.0 149.0 86.0 0.0 179.0 109.0 106.0 206.0 237.0 137.0 216.0 142.0 152.0 251.0 220.0 199.0 240.0 254.0 272.0 175.0 157.0 220.0 241.0 212.0 126.0 183.0 52.0 168.0 217.0 102.0 72.0 47.0 200.0 171.0 208.0 243.0 158.0 176.0 202.0 177.0 35.0 213.0 213.0 152.0 127.0 133.0 170.0 161.0 183.0 212.0 115.0 126.0 198.0 156.0 141.0 97.0 92.0 79.0 107.0 132.0 182.0 159.0
204.0 93.0 170.0 199.0 161.0 190.0 189.0 165.0 179.0 0.0 138.0 130.0 27.0 58.0 99.0 37.0 37.0 27.0 158.0 115.0 94.0 115.0 129.0 147.0 70.0 52.0 41.0 62.0 61.0 146.0 53.0 127.0 11.0 92.0 142.0 157.0 132.0 75.0 46.0 83.0 118.0 21.0 51.0 67.0 40.0 144.0 138.0 178.0 179.0 52.0 58.0 95.0 182.0 148.0 151.0 139.0 147.0 192.0 177.0 162.0 118.0 113.0 100.0 72.0 97.0 147.0 124.0
84.0 45.0 108.0 137.0 34.0 63.0 115.0 45.0 109.0 138.0 0.0 65.0 165.0 196.0 96.0 175.0 101.0 111.0 210.0 179.0 158.0 199.0 213.0 231.0 134.0 116.0 179.0 200.0 171.0 85.0 142.0 65.0 127.0 176.0 68.0 95.0 70.0 159.0 130.0 167.0 202.0 117.0 135.0 161.0 136.0 74.0 172.0 172.0 111.0 86.0 92.0 129.0 120.0 142.0 171.0 74.0 85.0 157.0 115.0 100.0 56.0 51.0 38.0 66.0 91.0 141.0 118.0
81.0 110.0 173.0 202.0 31.0 60.0 112.0 42.0 106.0 130.0 65.0 0.0 140.0 151.0 31.0 130.0 125.0 115.0 246.0 203.0 182.0 203.0 217.0 235.0 158.0 140.0 171.0 192.0 106.0 20.0 77.0 88.0 119.0 180.0 65.0 95.0 83.0 163.0 134.0 171.0 206.0 109.0 139.0 96.0 123.0 71.0 226.0 237.0 49.0 140.0 146.0 183.0 185.0 207.0 236.0 9.0 150.0 222.0 180.0 165.0 121.0 116.0 103.0 131.0 156.0 206.0 183.0
221.0 120.0 197.0 226.0 171.0 200.0 216.0 182.0 206.0 27.0 165.0 140.0 0.0 31.0 109.0 10.0 64.0 54.0 185.0 142.0 121.0 142.0 156.0 174.0 97.0 79.0 68.0 89.0 34.0 156.0 63.0 154.0 38.0 119.0 169.0 184.0 159.0 102.0 73.0 110.0 145.0 48.0 78.0 82.0 67.0 171.0 165.0 205.0 189.0 79.0 85.0 122.0 209.0 175.0 178.0 149.0 174.0 219.0 204.0 189.0 145.0 140.0 127.0 99.0 124.0 174.0 151.0
232.0 151.0 228.0 257.0 182.0 211.0 247.0 193.0 237.0 58.0 196.0 151.0 31.0 0.0 120.0 21.0 95.0 85.0 216.0 173.0 152.0 173.0 187.0 205.0 128.0 110.0 99.0 120.0 45.0 167.0 74.0 185.0 69.0 150.0 200.0 215.0 190.0 133.0 104.0 141.0 176.0 79.0 109.0 93.0 98.0 202.0 196.0 236.0 200.0 110.0 116.0 153.0 240.0 206.0 209.0 160.0 205.0 250.0 235.0 220.0 176.0 171.0 158.0 130.0 155.0 205.0 182.0
112.0 141.0 204.0 233.0 62.0 91.0 143.0 73.0 137.0 99.0 96.0 31.0 109.0 120.0 0.0 99.0 94.0 84.0 215.0 172.0 151.0 172.0 186.0 204.0 127.0 109.0 140.0 161.0 75.0 47.0 46.0 119.0 88.0 149.0 96.0 126.0 114.0 132.0 103.0 140.0 175.0 78.0 108.0 65.0 92.0 102.0 195.0 235.0 80.0 109.0 115.0 152.0 216.0 205.0 208.0 40.0 181.0 249.0 211.0 196.0 152.0 147.0 134.0 129.0 154.0 204.0 181.0
211.0 130.0 207.0 236.0 161.0 190.0 226.0 172.0 216.0 37.0 175.0 130.0 10.0 21.0 99.0 0.0 74.0 64.0 195.0 152.0 131.0 152.0 166.0 184.0 107.0 89.0 78.0 99.0 24.0 146.0 53.0 164.0 48.0 129.0 179.0 194.0 169.0 112.0 83.0 120.0 155.0 58.0 88.0 72.0 77.0 181.0 175.0 215.0 179.0 89.0 95.0 132.0 219.0 185.0 188.0 139.0 184.0 229.0 214.0 199.0 155.0 150.0 137.0 109.0 134.0 184.0 161.0
167.0 56.0 133.0 162.0 135.0 164.0 152.0 128.0 142.0 37.0 101.0 125.0 64.0 95.0 94.0 74.0 0.0 10.0 121.0 78.0 57.0 98.0 112.0 130.0 33.0 15.0 78.0 99.0 77.0 141.0 48.0 90.0 26.0 75.0 105.0 120.0 95.0 58.0 29.0 66.0 101.0 16.0 34.0 62.0 35.0 107.0 101.0 141.0 174.0 15.0 21.0 58.0 145.0 111.0 114.0 134.0 110.0 155.0 140.0 125.0 81.0 76.0 63.0 35.0 60.0 110.0 87.0
177.0 66.0 143.0 172.0 145.0 174.0 162.0 138.0 152.0 27.0 111.0 115.0 54.0 85.0 84.0 64.0 10.0 0.0 131.0 88.0 67.0 88.0 102.0 120.0 43.0 25.0 68.0 89.0 67.0 131.0 38.0 100.0 16.0 65.0 115.0 130.0 105.0 48.0 19.0 56.0 91.0 6.0 24.0 52.0 25.0 117.0 111.0 151.0 164.0 25.0 31.0 68.0 155.0 121.0 124.0 124.0 120.0 165.0 150.0 135.0 91.0 86.0 73.0 45.0 70.0 120.0 97.0
276.0 165.0 161.0 190.0 244.0 273.0 261.0 237.0 251.0 158.0 210.0 246.0 185.0 216.0 215.0 195.0 121.0 131.0 0.0 43.0 64.0 219.0 233.0 251.0 88.0 106.0 199.0 220.0 198.0 262.0 169.0 199.0 147.0 196.0 214.0 229.0 204.0 179.0 150.0 187.0 222.0 137.0 155.0 183.0 156.0 216.0 110.0 38.0 295.0 136.0 142.0 153.0 173.0 68.0 97.0 255.0 191.0 160.0 154.0 169.0 190.0 185.0 172.0 144.0 119.0 115.0 92.0
245.0 134.0 204.0 233.0 213.0 242.0 230.0 206.0 220.0 115.0 179.0 203.0 142.0 173.0 172.0 152.0 78.0 88.0 43.0 0.0 21.0 176.0 190.0 208.0 45.0 63.0 156.0 177.0 155.0 219.0 126.0 168.0 104.0 153.0 183.0 198.0 173.0 136.0 107.0 144.0 179.0 94.0 112.0 140.0 113.0 185.0 153.0 81.0 252.0 93.0 99.0 136.0 216.0 111.0 140.0 212.0 188.0 203.0 197.0 203.0 159.0 154.0 141.0 113.0 138.0 158.0 135.0
224.0 113.0 190.0 219.0 192.0 221.0 209.0 185.0 199.0 94.0 158.0 182.0 121.0 152.0 151.0 131.0 57.0 67.0 64.0 21.0 0.0 155.0 169.0 187.0 24.0 42.0 135.0 156.0 134.0 198.0 105.0 147.0 83.0 132.0 162.0 177.0 152.0 115.0 86.0 123.0 158.0 73.0 91.0 119.0 92.0 164.0 158.0 102.0 231.0 72.0 78.0 115.0 202.0 132.0 161.0 191.0 167.0 212.0 197.0 182.0 138.0 133.0 120.0 92.0 117.0 167.0 144.0
265.0 154.0 231.0 260.0 233.0 262.0 250.0 226.0 240.0 115.0 199.0 203.0 142.0 173.0 172.0 152.0 98.0 88.0 219.0 176.0 155.0 0.0 60.0 32.0 131.0 113.0 156.0 177.0 155.0 219.0 126.0 188.0 104.0 23.0 203.0 218.0 193.0 40.0 69.0 106.0 71.0 94.0 112.0 140.0 113.0 205.0 199.0 239.0 252.0 113.0 119.0 156.0 243.0 209.0 212.0 212.0 208.0 253.0 238.0 223.0 179.0 174.0 161.0 133.0 158.0 208.0 185.0
279.0 168.0 245.0 274.0 247.0 276.0 264.0 240.0 254.0 129.0 213.0 217.0 156.0 187.0 186.0 166.0 112.0 102.0 233.0 190.0 169.0 60.0 0.0 92.0 145.0 127.0 170.0 191.0 169.0 233.0 140.0 202.0 118.0 37.0 217.0 232.0 207.0 54.0 83.0 158.0 131.0 108.0 126.0 154.0 127.0 219.0 213.0 253.0 266.0 127.0 133.0 170.0 257.0 223.0 226.0 226.0 222.0 267.0 252.0 237.0 193.0 188.0 175.0 147.0 172.0 222.0 199.0
297.0 186.0 263.0 292.0 265.0 294.0 282.0 258.0 272.0 147.0 231.0 235.0 174.0 205.0 204.0 184.0 130.0 120.0 251.0 208.0 187.0 32.0 92.0 0.0 163.0 145.0 188.0 209.0 187.0 251.0 158.0 220.0 136.0 55.0 235.0 250.0 225.0 72.0 101.0 74.0 39.0 126.0 106.0 172.0 145.0 237.0 231.0 271.0 284.0 145.0 151.0 188.0 275.0 241.0 244.0 244.0 240.0 285.0 270.0 255.0 211.0 206.0 193.0 165.0 190.0 240.0 217.0
200.0 89.0 166.0 195.0 168.0 197.0 185.0 161.0 175.0 70.0 134.0 158.0 97.0 128.0 127.0 107.0 33.0 43.0 88.0 45.0 24.0 131.0 145.0 163.0 0.0 18.0 111.0 132.0 110.0 174.0 81.0 123.0 59.0 108.0 138.0 153.0 128.0 91.0 62.0 99.0 134.0 49.0 67.0 95.0 68.0 140.0 134.0 126.0 207.0 48.0 54.0 91.0 178.0 144.0 147.0 167.0 143.0 188.0 173.0 158.0 114.0 109.0 96.0 68.0 93.0 143.0 120.0
182.0 71.0 148.0 177.0 150.0 179.0 167.0 143.0 157.0 52.0 116.0 140.0 79.0 110.0 109.0 89.0 15.0 25.0 106.0 63.0 42.0 113.0 127.0 145.0 18.0 0.0 93.0 114.0 92.0 156.0 63.0 105.0 41.0 90.0 120.0 135.0 110.0 73.0 44.0 81.0 116.0 31.0 49.0 77.0 50.0 122.0 116.0 144.0 189.0 30.0 36.0 73.0 160.0 126.0 129.0 149.0 125.0 170.0 155.0 140.0 96.0 91.0 78.0 50.0 75.0 125.0 102.0
245.0 134.0 211.0 240.0 202.0 231.0 230.0 206.0 220.0 41.0 179.0 171.0 68.0 99.0 140.0 78.0 78.0 68.0 199.0 156.0 135.0 156.0 170.0 188.0 111.0 93.0 0.0 21.0 102.0 187.0 94.0 168.0 52.0 133.0 183.0 198.0 173.0 116.0 87.0 124.0 159.0 62.0 92.0 108.0 81.0 185.0 179.0 219.0 220.0 93.0 99.0 136.0 223.0 189.0 192.0 180.0 188.0 233.0 218.0 203.0 159.0 154.0 141.0 113.0 138.0 188.0 165.0
266.0 155.0 232.0 261.0 223.0 252.0 251.0 227.0 241.0 62.0 200.0 192.0 89.0 120.0 161.0 99.0 99.0 89.0 220.0 177.0 156.0 177.0 191.0 209.0 132.0 114.0 21.0 0.0 123.0 208.0 115.0 189.0 73.0 154.0 204.0 219.0 194.0 137.0 108.0 145.0 180.0 83.0 113.0 129.0 102.0 206.0 200.0 240.0 241.0 114.0 120.0 157.0 244.0 210.0 213.0 201.0 209.0 254.0 239.0 224.0 180.0 175.0 162.0 134.0 159.0 209.0 186.0
187.0 133.0 210.0 239.0 137.0 166.0 218.0 148.0 212.0 61.0 171.0 106.0 34.0 45.0 75.0 24.0 77.0 67.0 198.0 155.0 134.0 155.0 169.0 187.0 110.0 92.0 102.0 123.0 0.0 122.0 29.0 167.0 71.0 132.0 171.0 197.0 172.0 115.0 86.0 123.0 158.0 61.0 91.0 48.0 75.0 177.0 178.0 218.0 155.0 92.0 98.0 135.0 222.0 188.0 191.0 115.0 187.0 232.0 217.0 202.0 158.0 153.0 140.0 112.0 137.0 187.0 164.0
101.0 130.0 193.0 222.0 51.0 80.0 132.0 62.0 126.0 146.0 85.0 20.0 156.0 167.0 47.0 146.0 141.0 131.0 262.0 219.0 198.0 219.0 233.0 251.0 174.0 156.0 187.0 208.0 122.0 0.0 93.0 108.0 135.0 196.0 85.0 115.0 103.0 179.0 150.0 187.0 222.0 125.0 155.0 112.0 139.0 91.0 242.0 257.0 51.0 156.0 162.0 199.0 205.0 227.0 255.0 11.0 170.0 242.0 200.0 185.0 141.0 136.0 123.0 151.0 176.0 226.0 203.0
158.0 104.0 181.0 210.0 108.0 137.0 189.0 119.0 183.0 53.0 142.0 77.0 63.0 74.0 46.0 53.0 48.0 38.0 169.0 126.0 105.0 126.0 140.0 158.0 81.0 63.0 94.0 115.0 29.0 93.0 0.0 138.0 42.0 103.0 142.0 168.0 143.0 86.0 57.0 94.0 129.0 32.0 62.0 19.0 46.0 148.0 149.0 189.0 126.0 63.0 69.0 106.0 193.0 159.0 162.0 86.0 158.0 203.0 188.0 173.0 129.0 124.0 111.0 83.0 108.0 158.0 135.0
107.0 34.0 97.0 126.0 57.0 86.0 107.0 68.0 52.0 127.0 65.0 88.0 154.0 185.0 119.0 164.0 90.0 100.0 199.0 168.0 147.0 188.0 202.0 220.0 123.0 105.0 168.0 189.0 167.0 108.0 138.0 0.0 116.0 165.0 60.0 30.0 5.0 148.0 119.0 156.0 191.0 106.0 124.0 152.0 125.0 17.0 161.0 161.0 134.0 75.0 81.0 118.0 109.0 131.0 160.0 97.0 74.0 146.0 104.0 89.0 45.0 40.0 27.0 55.0 80.0 130.0 107.0
193.0 82.0 159.0 188.0 150.0 179.0 178.0 154.0 168.0 11.0 127.0 119.0 38.0 69.0 88.0 48.0 26.0 16.0 147.0 104.0 83.0 104.0 118.0 136.0 59.0 41.0 52.0 73.0 71.0 135.0 42.0 116.0 0.0 81.0 131.0 146.0 121.0 64.0 35.0 72.0 107.0 10.0 40.0 56.0 29.0 133.0 127.0 167.0 168.0 41.0 47.0 84.0 171.0 137.0 140.0 128.0 136.0 181.0 166.0 151.0 107.0 102.0 89.0 61.0 86.0 136.0 113.0
242.0 131.0 208.0 237.0 210.0 239.0 227.0 203.0 217.0 92.0 176.0 180.0 119.0 150.0 149.0 129.0 75.0 65.0 196.0 153.0 132.0 23.0 37.0 55.0 108.0 90.0 133.0 154.0 132.0 196.0 103.0 165.0 81.0 0.0 180.0 195.0 170.0 17.0 46.0 121.0 94.0 71.0 89.0 117.0 90.0 182.0 176.0 216.0 229.0 90.0 96.0 133.0 220.0 186.0 189.0 189.0 185.0 230.0 215.0 200.0 156.0 151.0 138.0 110.0 135.0 185.0 162.0
62.0 49.0 112.0 141.0 34.0 63.0 47.0 23.0 102.0 142.0 68.0 65.0 169.0 200.0 96.0 179.0 105.0 115.0 214.0 183.0 162.0 203.0 217.0 235.0 138.0 120.0 183.0 204.0 171.0 85.0 142.0 60.0 131.0 180.0 0.0 30.0 55.0 163.0 134.0 171.0 206.0 121.0 139.0 161.0 140.0 67.0 176.0 176.0 111.0 90.0 96.0 133.0 124.0 146.0 175.0 74.0 89.0 161.0 119.0 104.0 60.0 55.0 42.0 70.0 95.0 145.0 122.0
92.0 64.0 127.0 156.0 64.0 93.0 77.0 53.0 72.0 157.0 95.0 95.0 184.0 215.0 126.0 194.0 120.0 130.0 229.0 198.0 177.0 218.0 232.0 250.0 153.0 135.0 198.0 219.0 197.0 115.0 168.0 30.0 146.0 195.0 30.0 0.0 25.0 178.0 149.0 186.0 221.0 136.0 154.0 182.0 155.0 37.0 191.0 191.0 141.0 105.0 111.0 148.0 139.0 161.0 190.0 104.0 104.0 176.0 134.0 119.0 75.0 70.0 57.0 85.0 110.0 160.0 137.0
102.0 39.0 102.0 131.0 52.0 81.0 102.0 63.0 47.0 132.0 70.0 83.0 159.0 190.0 114.0 169.0 95.0 105.0 204.0 173.0 152.0 193.0 207.0 225.0 128.0 110.0 173.0 194.0 172.0 103.0 143.0 5.0 121.0 170.0 55.0 25.0 0.0 153.0 124.0 161.0 196.0 111.0 129.0 157.0 130.0 12.0 166.0 166.0 129.0 80.0 86.0 123.0 114.0 136.0 165.0 92.0 79.0 151.0 109.0 94.0 50.0 45.0 32.0 60.0 85.0 135.0 112.0
225.0 114.0 191.0 220.0 193.0 222.0 210.0 186.0 200.0 75.0 159.0 163.0 102.0 133.0 132.0 112.0 58.0 48.0 179.0 136.0 115.0 40.0 54.0 72.0 91.0 73.0 116.0 137.0 115.0 179.0 86.0 148.0 64.0 17.0 163.0 178.0 153.0 0.0 29.0 104.0 111.0 54.0 72.0 100.0 73.0 165.0 159.0 199.0 212.0 73.0 79.0 116.0 203.0 169.0 172.0 172.0 168.0 213.0 198.0 183.0 139.0 134.0 121.0 93.0 118.0 168.0 145.0
196.0 85.0 162.0 191.0 164.0 193.0 181.0 157.0 171.0 46.0 130.0 134.0 73.0 104.0 103.0 83.0 29.0 19.0 150.0 107.0 86.0 69.0 83.0 101.0 62.0 44.0 87.0 108.0 86.0 150.0 57.0 119.0 35.0 46.0 134.0 149.0 124.0 29.0 0.0 75.0 110.0 25.0 43.0 71.0 44.0 136.0 130.0 170.0 183.0 44.0 50.0 87.0 174.0 140.0 143.0 143.0 139.0 184.0 169.0 154.0 110.0 105.0 92.0 64.0 89.0 139.0 116.0
233.0 122.0 199.0 228.0 201.0 230.0 218.0 194.0 208.0 83.0 167.0 171.0 110.0 141.0 140.0 120.0 66.0 56.0 187.0 144.0 123.0 106.0 158.0 74.0 99.0 81.0 124.0 145.0 123.0 187.0 94.0 156.0 72.0 121.0 171.0 186.0 161.0 104.0 75.0 0.0 35.0 62.0 32.0 108.0 81.0 173.0 167.0 207.0 220.0 81.0 87.0 124.0 211.0 177.0 180.0 180.0 176.0 221.0 206.0 191.0 147.0 142.0 129.0 101.0 126.0 176.0 153.0
268.0 157.0 234.0 263.0 236.0 265.0 253.0 229.0 243.0 118.0 202.0 206.0 145.0 176.0 175.0 155.0 101.0 91.0 222.0 179.0 158.0 71.0 131.0 39.0 134.0 116.0 159.0 180.0 158.0 222.0 129.0 191.0 107.0 94.0 206.0 221.0 196.0 111.0 110.0 35.0 0.0 97.0 67.0 143.0 116.0 208.0 202.0 242.0 255.0 116.0 122.0 159.0 246.0 212.0 215.0 215.0 211.0 256.0 241.0 226.0 182.0 177.0 164.0 136.0 161.0 211.0 188.0
183.0 72.0 149.0 178.0 140.0 169.0 168.0 144.0 158.0 21.0 117.0 109.0 48.0 79.0 78.0 58.0 16.0 6.0 137.0 94.0 73.0 94.0 108.0 126.0 49.0 31.0 62.0 83.0 61.0 125.0 32.0 106.0 10.0 71.0 121.0 136.0 111.0 54.0 25.0 62.0 97.0 0.0 30.0 46.0 19.0 123.0 117.0 157.0 158.0 31.0 37.0 74.0 161.0 127.0 130.0 118.0 126.0 171.0 156.0 141.0 97.0 92.0 79.0 51.0 76.0 126.0 103.0
201.0 90.0 167.0 196.0 169.0 198.0 186.0 162.0 176.0 51.0 135.0 139.0 78.0 109.0 108.0 88.0 34.0 24.0 155.0 112.0 91.0 112.0 126.0 106.0 67.0 49.0 92.0 113.0 91.0 155.0 62.0 124.0 40.0 89.0 139.0 154.0 129.0 72.0 43.0 32.0 67.0 30.0 0.0 76.0 49.0 141.0 135.0 175.0 188.0 49.0 55.0 92.0 179.0 145.0 148.0 148.0 144.0 189.0 174.0 159.0 115.0 110.0 97.0 69.0 94.0 144.0 121.0
177.0 118.0 195.0 224.0 127.0 156.0 208.0 138.0 202.0 67.0 161.0 96.0 82.0 93.0 65.0 72.0 62.0 52.0 183.0 140.0 119.0 140.0 154.0 172.0 95.0 77.0 108.0 129.0 48.0 112.0 19.0 152.0 56.0 117.0 161.0 182.0 157.0 100.0 71.0 108.0 143.0 46.0 76.0 0.0 27.0 167.0 163.0 203.0 145.0 77.0 83.0 120.0 207.0 173.0 176.0 105.0 172.0 217.0 202.0 187.0 143.0 138.0 125.0 97.0 122.0 172.0 149.0
202.0 91.0 168.0 197.0 154.0 183.0 187.0 163.0 177.0 40.0 136.0 123.0 67.0 98.0 92.0 77.0 35.0 25.0 156.0 113.0 92.0 113.0 127.0 145.0 68.0 50.0 81.0 102.0 75.0 139.0 46.0 125.0 29.0 90.0 140.0 155.0 130.0 73.0 44.0 81.0 116.0 19.0 49.0 27.0 0.0 142.0 136.0 176.0 172.0 50.0 56.0 93.0 180.0 146.0 149.0 132.0 145.0 190.0 175.0 160.0 116.0 111.0 98.0 70.0 95.0 145.0 122.0
90.0 51.0 114.0 143.0 40.0 69.0 114.0 51.0 35.0 144.0 74.0 71.0 171.0 202.0 102.0 181.0 107.0 117.0 216.0 185.0 164.0 205.0 219.0 237.0 140.0 122.0 185.0 206.0 177.0 91.0 148.0 17.0 133.0 182.0 67.0 37.0 12.0 165.0 136.0 173.0 208.0 123.0 141.0 167.0 142.0 0.0 178.0 178.0 117.0 92.0 98.0 135.0 126.0 148.0 177.0 80.0 91.0 163.0 121.0 106.0 62.0 57.0 44.0 72.0 97.0 147.0 124.0
238.0 127.0 135.0 164.0 206.0 235.0 223.0 199.0 213.0 138.0 172.0 226.0 165.0 196.0 195.0 175.0 101.0 111.0 110.0 153.0 158.0 199.0 213.0 231.0 134.0 116.0 179.0 200.0 178.0 242.0 149.0 161.0 127.0 176.0 176.0 191.0 166.0 159.0 130.0 167.0 202.0 117.0 135.0 163.0 136.0 178.0 0.0 72.0 275.0 86.0 80.0 43.0 147.0 42.0 13.0 235.0 165.0 134.0 128.0 143.0 152.0 147.0 134.0 106.0 93.0 89.0 66.0
238.0 127.0 123.0 152.0 206.0 235.0 223.0 199.0 213.0 178.0 172.0 237.0 205.0 236.0 235.0 215.0 141.0 151.0 38.0 81.0 102.0 239.0 253.0 271.0 126.0 144.0 219.0 240.0 218.0 257.0 189.0 161.0 167.0 216.0 176.0 191.0 166.0 199.0 170.0 207.0 242.0 157.0 175.0 203.0 176.0 178.0 72.0 0.0 283.0 126.0 132.0 115.0 135.0 30.0 59.0 246.0 153.0 122.0 116.0 131.0 152.0 147.0 134.0 106.0 81.0 77.0 54.0
127.0 156.0 219.0 248.0 77.0 48.0 158.0 88.0 152.0 179.0 111.0 49.0 189.0 200.0 80.0 179.0 174.0 164.0 295.0 252.0 231.0 252.0 266.0 284.0 207.0 189.0 220.0 241.0 155.0 51.0 126.0 134.0 168.0 229.0 111.0 141.0 129.0 212.0 183.0 220.0 255.0 158.0 188.0 145.0 172.0 117.0 275.0 283.0 0.0 189.0 195.0 232.0 231.0 253.0 282.0 40.0 196.0 268.0 226.0 211.0 167.0 162.0 149.0 177.0 202.0 252.0 229.0
152.0 41.0 118.0 147.0 120.0 149.0 137.0 113.0 127.0 52.0 86.0 140.0 79.0 110.0 109.0 89.0 15.0 25.0 136.0 93.0 72.0 113.0 127.0 145.0 48.0 30.0 93.0 114.0 92.0 156.0 63.0 75.0 41.0 90.0 90.0 105.0 80.0 73.0 44.0 81.0 116.0 31.0 49.0 77.0 50.0 92.0 86.0 126.0 189.0 0.0 6.0 43.0 130.0 96.0 99.0 149.0 95.0 140.0 125.0 110.0 66.0 61.0 48.0 20.0 45.0 95.0 72.0
158.0 47.0 124.0 153.0 126.0 155.0 143.0 119.0 133.0 58.0 92.0 146.0 85.0 116.0 115.0 95.0 21.0 31.0 142.0 99.0 78.0 119.0 133.0 151.0 54.0 36.0 99.0 120.0 98.0 162.0 69.0 81.0 47.0 96.0 96.0 111.0 86.0 79.0 50.0 87.0 122.0 37.0 55.0 83.0 56.0 98.0 80.0 132.0 195.0 6.0 0.0 37.0 136.0 102.0 93.0 155.0 101.0 146.0 131.0 116.0 72.0 67.0 54.0 26.0 51.0 101.0 78.0
195.0 84.0 161.0 190.0 163.0 192.0 180.0 156.0 170.0 95.0 129.0 183.0 122.0 153.0 152.0 132.0 58.0 68.0 153.0 136.0 115.0 156.0 170.0 188.0 91.0 73.0 136.0 157.0 135.0 199.0 106.0 118.0 84.0 133.0 133.0 148.0 123.0 116.0 87.0 124.0 159.0 74.0 92.0 120.0 93.0 135.0 43.0 115.0 232.0 43.0 37.0 0.0 173.0 85.0 56.0 192.0 138.0 177.0 168.0 153.0 109.0 104.0 91.0 63.0 88.0 132.0 109.0
186.0 89.0 12.0 41.0 154.0 183.0 171.0 147.0 161.0 182.0 120.0 185.0 209.0 240.0 216.0 219.0 145.0 155.0 173.0 216.0 202.0 243.0 257.0 275.0 178.0 160.0 223.0 244.0 222.0 205.0 193.0 109.0 171.0 220.0 124.0 139.0 114.0 203.0 174.0 211.0 246.0 161.0 179.0 207.0 180.0 126.0 147.0 135.0 231.0 130.0 136.0 173.0 0.0 105.0 134.0 194.0 56.0 61.0 19.0 20.0 64.0 69.0 82.0 110.0 108.0 58.0 81.0
208.0 97.0 93.0 122.0 176.0 205.0 193.0 169.0 183.0 148.0 142.0 207.0 175.0 206.0 205.0 185.0 111.0 121.0 68.0 111.0 132.0 209.0 223.0 241.0 144.0 126.0 189.0 210.0 188.0 227.0 159.0 131.0 137.0 186.0 146.0 161.0 136.0 169.0 140.0 177.0 212.0 127.0 145.0 173.0 146.0 148.0 42.0 30.0 253.0 96.0 102.0 85.0 105.0 0.0 29.0 216.0 123.0 92.0 86.0 101.0 122.0 117.0 104.0 76.0 51.0 47.0 24.0
237.0 126.0 122.0 151.0 205.0 234.0 222.0 198.0 212.0 151.0 171.0 236.0 178.0 209.0 208.0 188.0 114.0 124.0 97.0 140.0 161.0 212.0 226.0 244.0 147.0 129.0 192.0 213.0 191.0 255.0 162.0 160.0 140.0 189.0 175.0 190.0 165.0 172.0 143.0 180.0 215.0 130.0 148.0 176.0 149.0 177.0 13.0 59.0 282.0 99.0 93.0 56.0 134.0 29.0 0.0 245.0 152.0 121.0 115.0 130.0 151.0 146.0 133.0 105.0 80.0 76.0 53.0
90.0 119.0 182.0 211.0 40.0 69.0 121.0 51.0 115.0 139.0 74.0 9.0 149.0 160.0 40.0 139.0 134.0 124.0 255.0 212.0 191.0 212.0 226.0 244.0 167.0 149.0 180.0 201.0 115.0 11.0 86.0 97.0 128.0 189.0 74.0 104.0 92.0 172.0 143.0 180.0 215.0 118.0 148.0 105.0 132.0 80.0 235.0 246.0 40.0 149.0 155.0 192.0 194.0 216.0 245.0 0.0 159.0 231.0 189.0 174.0 130.0 125.0 112.0 140.0 165.0 215.0 192.0
151.0 54.0 44.0 73.0 119.0 148.0 136.0 112.0 126.0 147.0 85.0 150.0 174.0 205.0 181.0 184.0 110.0 120.0 191.0 188.0 167.0 208.0 222.0 240.0 143.0 125.0 188.0 209.0 187.0 170.0 158.0 74.0 136.0 185.0 89.0 104.0 79.0 168.0 139.0 176.0 211.0 126.0 144.0 172.0 145.0 91.0 165.0 153.0 196.0 95.0 101.0 138.0 56.0 123.0 152.0 159.0 0.0 93.0 37.0 52.0 39.0 34.0 47.0 75.0 100.0 76.0 99.0
223.0 126.0 49.0 78.0 191.0 220.0 208.0 184.0 198.0 192.0 157.0 222.0 219.0 250.0 249.0 229.0 155.0 165.0 160.0 203.0 212.0 253.0 267.0 285.0 188.0 170.0 233.0 254.0 232.0 242.0 203.0 146.0 181.0 230.0 161.0 176.0 151.0 213.0 184.0 221.0 256.0 171.0 189.0 217.0 190.0 163.0 134.0 122.0 268.0 140.0 146.0 177.0 61.0 92.0 121.0 231.0 93.0 0.0 56.0 57.0 101.0 106.0 119.0 120.0 95.0 45.0 68.0
181.0 84.0 7.0 36.0 149.0 178.0 166.0 142.0 156.0 177.0 115.0 180.0 204.0 235.0 211.0 214.0 140.0 150.0 154.0 197.0 197.0 238.0 252.0 270.0 173.0 155.0 218.0 239.0 217.0 200.0 188.0 104.0 166.0 215.0 119.0 134.0 109.0 198.0 169.0 206.0 241.0 156.0 174.0 202.0 175.0 121.0 128.0 116.0 226.0 125.0 131.0 168.0 19.0 86.0 115.0 189.0 37.0 56.0 0.0 15.0 59.0 64.0 77.0 105.0 89.0 39.0 62.0
166.0 69.0 8.0 37.0 134.0 163.0 151.0 127.0 141.0 162.0 100.0 165.0 189.0 220.0 196.0 199.0 125.0 135.0 169.0 203.0 182.0 223.0 237.0 255.0 158.0 140.0 203.0 224.0 202.0 185.0 173.0 89.0 151.0 200.0 104.0 119.0 94.0 183.0 154.0 191.0 226.0 141.0 159.0 187.0 160.0 106.0 143.0 131.0 211.0 110.0 116.0 153.0 20.0 101.0 130.0 174.0 52.0 57.0 15.0 0.0 44.0 49.0 62.0 90.0 104.0 54.0 77.0
122.0 25.0 52.0 81.0 90.0 119.0 107.0 83.0 97.0 118.0 56.0 121.0 145.0 176.0 152.0 155.0 81.0 91.0 190.0 159.0 138.0 179.0 193.0 211.0 114.0 96.0 159.0 180.0 158.0 141.0 129.0 45.0 107.0 156.0 60.0 75.0 50.0 139.0 110.0 147.0 182.0 97.0 115.0 143.0 116.0 62.0 152.0 152.0 167.0 66.0 72.0 109.0 64.0 122.0 151.0 130.0 39.0 101.0 59.0 44.0 0.0 5.0 18.0 46.0 71.0 98.0 98.0
117.0 20.0 57.0 86.0 85.0 114.0 102.0 78.0 92.0 113.0 51.0 116.0 140.0 171.0 147.0 150.0 76.0 86.0 185.0 154.0 133.0 174.0 188.0 206.0 109.0 91.0 154.0 175.0 153.0 136.0 124.0 40.0 102.0 151.0 55.0 70.0 45.0 134.0 105.0 142.0 177.0 92.0 110.0 138.0 111.0 57.0 147.0 147.0 162.0 61.0 67.0 104.0 69.0 117.0 146.0 125.0 34.0 106.0 64.0 49.0 5.0 0.0 13.0 41.0 66.0 103.0 93.0
104.0 7.0 70.0 99.0 72.0 101.0 89.0 65.0 79.0 100.0 38.0 103.0 127.0 158.0 134.0 137.0 63.0 73.0 172.0 141.0 120.0 161.0 175.0 193.0 96.0 78.0 141.0 162.0 140.0 123.0 111.0 27.0 89.0 138.0 42.0 57.0 32.0 121.0 92.0 129.0 164.0 79.0 97.0 125.0 98.0 44.0 134.0 134.0 149.0 48.0 54.0 91.0 82.0 104.0 133.0 112.0 47.0 119.0 77.0 62.0 18.0 13.0 0.0 28.0 53.0 103.0 80.0
132.0 21.0 98.0 127.0 100.0 129.0 117.0 93.0 107.0 72.0 66.0 131.0 99.0 130.0 129.0 109.0 35.0 45.0 144.0 113.0 92.0 133.0 147.0 165.0 68.0 50.0 113.0 134.0 112.0 151.0 83.0 55.0 61.0 110.0 70.0 85.0 60.0 93.0 64.0 101.0 136.0 51.0 69.0 97.0 70.0 72.0 106.0 106.0 177.0 20.0 26.0 63.0 110.0 76.0 105.0 140.0 75.0 120.0 105.0 90.0 46.0 41.0 28.0 0.0 25.0 75.0 52.0
157.0 46.0 96.0 125.0 125.0 154.0 142.0 118.0 132.0 97.0 91.0 156.0 124.0 155.0 154.0 134.0 60.0 70.0 119.0 138.0 117.0 158.0 172.0 190.0 93.0 75.0 138.0 159.0 137.0 176.0 108.0 80.0 86.0 135.0 95.0 110.0 85.0 118.0 89.0 126.0 161.0 76.0 94.0 122.0 95.0 97.0 93.0 81.0 202.0 45.0 51.0 88.0 108.0 51.0 80.0 165.0 100.0 95.0 89.0 104.0 71.0 66.0 53.0 25.0 0.0 50.0 27.0
207.0 96.0 46.0 75.0 175.0 204.0 192.0 168.0 182.0 147.0 141.0 206.0 174.0 205.0 204.0 184.0 110.0 120.0 115.0 158.0 167.0 208.0 222.0 240.0 143.0 125.0 188.0 209.0 187.0 226.0 158.0 130.0 136.0 185.0 145.0 160.0 135.0 168.0 139.0 176.0 211.0 126.0 144.0 172.0 145.0 147.0 89.0 77.0 252.0 95.0 101.0 132.0 58.0 47.0 76.0 215.0 76.0 45.0 39.0 54.0 98.0 103.0 103.0 75.0 50.0 0.0 23.0
184.0 73.0 69.0 98.0 152.0 181.0 169.0 145.0 159.0 124.0 118.0 183.0 151.0 182.0 181.0 161.0 87.0 97.0 92.0 135.0 144.0 185.0 199.0 217.0 120.0 102.0 165.0 186.0 164.0 203.0 135.0 107.0 113.0 162.0 122.0 137.0 112.0 145.0 116.0 153.0 188.0 103.0 121.0 149.0 122.0 124.0 66.0 54.0 229.0 72.0 78.0 109.0 81.0 24.0 53.0 192.0 99.0 68.0 62.0 77.0 98.0 93.0 80.0 52.0 27.0 23.0 0.0
